STELLARUM INERRANTIUM RESTITUTIO 343

εν TABVLA CONTINENS QVANTVM SINGULI

ANNI, IN DUOBUS SECULIS ANTECEDENTIBUS DEMANT
LONGITUDINI AF FIXARUM AD ANNUM 1600.
SEQUENTI CANONE DISPOSITAE.

-ANNI {a} ΜΙ ⁵· 1533 56 57 1567 128 3

         
      

  

1400 2 50 0 1500 1 25 0 1534 56 6 1568 27 12
1410 2 41 30 1501 24 9 1535 55 15 1569 26 21
1420 2 33 0 1502 23 18 1536 54 24 1570 25 30
10 1430 2 24 30 1503 22 27 1537 53 33 1571 24 39
1440 2 16 0 1504 21 36 1538 52 42 1572 23 48
1450 2 7 30 1505 20 45 1539 51 51 1573 22 57
1460 1 59 0 1506 19 54 1540 51 0 1574 22 6
1470 1 50 30 1507 19 3 1541 50 9 1575 21 15
15 1480 l 42 0 1508 18 12 1542 49 18 1576 20 24
1490 1 33 30 1509 17 21 1543 48 27 1577 19 33
1500 1 25 0 1510 16 30 1544 47 36 1578 18 42

           
     

1511 15 39 1545 46 45 1579 17 51
14 48 1546 45 54 1580 17 0
13 57 1547 45 3 1581 16 9
13 6 1548 44 12 1582 15 18
12 15 1549 43 21 1583 14 27
11 24 1550 42 30 1584 13 36

10 33 1551 41 39 1585 12 45

ΑΝΝῙ SINGULI 1512

1513
1514
1515
1516
1517

        

ooooxloxmsswm—
0000000000
oeQOQQssth-‘O

   

 

         
     

U-*t-flU—flbdt-‘D-*O-flbdbdb-*b-lO-flb-flb-flU-*D-dt—flt-*t—flF-‘O-*fflb-flb-flb-flD-dU—flffl

         
  

     

  
    

. 1518 9 42 1552 40 48 1586 1 l 54
²⁵ 1519 8 51 1553 39 57 1587 11 3
1520 8 0 1554 39 6 1588 10 12
1521 7 9 1555 38 15 1589 9 21
¹ 1522 6 18 1556 37 24 1590 8 30
ἢ· MENSES 1523 5 27 1557 36 33 1591 7 39
30 Ian. 4 1u1. 1524 4 36 1558 35 42 1592 6 48
Febr. 8 Aug. 34 1525 3 45 1559 34 51 1593 5 57
Mar. 13 Sept. 38 1526 2 54 1560 34 0 1594 5 6
April. 17 Otst. 42 1527 2 3 1561 33 9 1595 4 15
Mai. 21 Nou. 47 1528 1 12 1562 32 18 1596 3 24
35 Iun. 25 Dec. 1529 1 0 21 1563 31 27 1597 2 33
Anni compl. motum aufer a 1ong. ¹530 0 59 30 1564 30 36 1598 1 42
seq.Tabu1. Menfis una (si uis) sub· 1531 0 58 39 1565 29 45 ¹599 0 51

latis s.ll. sicque petitum obtinebis. 1532 0 57 48 1566 28 54 1600 O O ΙΙ

  

TYCHONIS

