374 STELLARUM INERRANTIUMRESTITUTIO

TABVLA CONTINENS QVANTVM SINGVLI 26v
ANNI, 1N DUOBUS SECULIS SEQUENTIBVS‚ ADDANT
LONGITUDINI AFFIXARUM AD ANNUM 1600.
PRAECEDENTI CANoNE DISPOSITAE.

ANNI EXPANSI ANNI Μ. s, ANNI G. M. S. ANNI COLLECT--.-.··-

ANNI! Μ· 1 s 1-2-...1-81633 3 1667 015657 ΑΝΝῙ {G 1 Μ·
1600 0 1634 28 54 1668 0 57 48 1700 25
1601 51 1635 29 45 1669 0 58 39 1710 33
1602 42 1636 30 36 1670 0 59 30 1720 42
1603 33 1637 31 27 1671 1 0 21 1730 50
1604 24 1638 32 18 1672 1 1 12 1740 59
15 1639 33 9 1673 2 3 1750 7

1

1

1

l

1
1605 2
6 1640 34 Ο 1674 2 54 1760 2 16
2
2
2
2

1606
1607
1 608

57 1641 34 51 1675 3 45 1770 24
48 1642 35 42 1676 4 36 1780 33

39 1643 36 33 1677 5 27 1790 41
30 1644 37 24 1678

21 1645 38 15 1679

1609
1610
1611
1612 12 1646 39 6 1680

50
⁷ 9 ANNI SINGULI

6 18 1800

QOOQOQQsswNfflOO

8 51
9 42
10 33

1613 3 1647 39 57 1681
1614 54 1648 40 48 1682
1615 45 1649 41 39 1683
1616 36 1650 42 30 1684
1617 27 1651 43 21 1685

11 24
12 15
1619 9 1653 45 3 1687 13 57
14 48
15 39

16 30
17 21 MENSES

18 12 Ian. 4 Iul,
19 3 Feb. 8 Aug.
19 54 Mar. 13 Sep.

1620 0 1654 45 54 1688
1621 51 1655 46 45 1689
1622 42 1656 47 36 1690
1623 33 1657 48 27 1691
1624 24 1658 49 18 1692
1625 15 1659 50 9 1693
1626 6 1660 51 0 1694

Η

ΦὈΟΟκΙΦυΙιρωΝΗ
0000000000
Οοκὶῦῖυιυιιρωωῠ-*Ο

Η

1627 57 1661 51 51 1695
1628 48 1662 52 42 1696
1629 39 1663 53 33 1697
1630 30 1664 54 24 1698

20 45 Apri. 17 Od’t.
21 36 Mai. 21 Nou.
22 27 Iun. 25 Dec.
23 18 Anni compl. motum adde ad long.
1631 21 1665 55 15 1699
1632 12 1666 56 6 1700

24 9 praec.Tab, Mensis una (si uis) ad-
25 0 ditis Sc. ll. sicq. petitum obtinebis.

1
1
1
1
1
1
1
1
l
1
1
1
1
1618 18 1652 44 12 1686 1 13 6
1
1
1
1
1
1
1
1
1
1
1
1
1
l

 

